0 318
0 478
0 494
0 592
0 742
0 882
0 911
1 456
1 577
1 745
1 811
1 885
1 910
1 971
2 243
2 410
2 479
2 989
3 83
3 662
4 124
4 468
4 487
4 630
4 692
4 744
5 370
5 502
5 536
5 541
6 400
6 449
7 390
7 419
7 439
7 445
8 290
8 431
9 258
9 715
9 825
10 274
10 315
10 331
10 508
11 61
11 105
11 161
11 350
11 469
11 523
11 631
12 172
12 670
12 958
13 481
13 601
13 684
14 36
14 421
14 598
14 869
15 31
15 378
15 854
15 869
15 946
15 960
16 344
16 581
16 630
16 635
16 866
16 978
17 127
17 192
17 290
17 871
18 68
18 678
19 287
19 549
19 773
19 987
20 150
20 324
20 370
20 592
20 653
20 760
20 932
21 218
21 758
21 793
22 71
22 268
22 283
22 312
22 398
22 404
22 971
23 31
23 751
23 985
24 82
24 367
24 402
24 533
24 629
24 676
24 732
24 792
24 896
24 983
25 101
25 343
25 493
25 510
25 785
25 871
26 220
26 537
26 626
26 830
27 78
27 104
27 157
27 166
27 319
27 463
27 556
27 847
28 268
28 464
28 478
28 498
28 907
28 945
29 224
29 450
29 561
29 900
30 151
30 638
31 70
31 205
31 344
31 484
31 494
31 778
31 784
32 271
32 807
33 193
33 315
33 361
33 440
33 686
33 921
33 976
34 46
34 442
35 692
35 751
35 810
35 873
36 260
36 353
36 369
36 426
36 441
36 453
36 836
37 115
37 745
38 138
38 216
38 217
38 281
38 471
38 887
38 993
39 541
39 576
39 580
39 676
39 997
40 77
40 217
40 363
40 368
40 593
40 676
40 733
41 126
41 321
41 493
41 608
41 915
42 371
42 545
42 697
42 833
42 935
42 949
43 81
43 434
43 491
43 506
43 968
44 381
44 492
44 753
45 166
45 217
45 815
45 902
46 53
46 427
46 902
46 961
47 226
47 362
48 236
48 650
48 749
49 83
49 205
49 644
49 647
49 811
49 820
49 916
50 536
50 741
50 797
50 885
51 86
51 228
51 343
51 900
51 982
52 228
52 616
52 790
53 190
53 725
53 828
54 130
54 193
54 922
55 79
55 119
55 209
55 239
55 317
55 353
55 386
55 423
55 754
55 765
55 857
56 156
56 348
56 438
56 466
56 821
56 822
56 983
57 146
57 280
57 538
57 690
57 774
57 972
58 202
58 346
58 370
58 416
58 776
58 954
59 124
59 421
59 453
59 903
59 996
60 97
60 123
60 315
61 89
61 289
61 830
61 835
61 941
62 207
62 256
62 598
62 705
62 729
62 846
63 290
63 359
63 383
63 722
64 86
64 422
64 655
64 762
64 869
65 191
65 355
65 453
65 523
65 570
65 774
65 880
66 215
66 260
66 282
66 365
66 415
66 606
66 671
67 89
67 241
67 324
67 363
67 928
68 73
68 414
68 499
68 541
68 610
68 749
68 771
68 790
68 800
68 904
69 89
69 449
69 637
69 747
69 959
70 396
70 441
70 514
70 795
70 877
71 450
71 520
71 873
72 90
72 153
72 155
72 462
72 604
72 998
73 262
73 640
73 826
73 930
74 219
74 274
74 424
74 456
74 598
75 363
75 586
75 780
75 893
76 489
77 488
77 659
77 701
77 810
77 850
78 152
78 960
79 247
79 629
79 674
79 974
80 217
80 466
80 538
80 720
80 899
81 109
81 114
81 160
81 209
81 273
81 392
81 399
81 681
81 990
82 176
82 429
82 771
82 988
83 101
83 720
83 817
84 413
84 465
84 739
84 772
84 784
84 827
85 395
85 569
85 755
85 883
86 539
87 194
87 242
87 297
87 308
87 478
87 526
87 559
87 568
87 974
88 319
88 507
88 723
89 798
89 945
90 159
90 360
90 392
91 248
91 521
91 547
91 574
91 616
91 661
91 751
91 908
92 133
92 260
92 714
92 858
93 132
93 328
93 508
93 527
93 969
94 116
94 156
94 335
94 360
94 423
94 604
94 745
94 950
95 466
95 635
95 636
95 712
95 922
96 156
96 298
96 484
96 857
96 945
97 113
97 395
97 511
97 678
98 200
98 386
98 400
98 767
98 909
98 938
99 427
99 554
99 690
99 882
99 985
100 243
100 422
100 512
101 703
101 874
101 989
102 278
102 593
102 616
102 648
102 702
103 352
103 448
103 530
103 596
103 841
104 454
104 489
104 500
105 195
105 455
106 170
106 505
107 212
107 247
107 327
107 357
107 425
107 559
107 918
108 431
108 470
108 617
108 669
108 777
108 882
108 932
109 205
109 395
109 865
110 184
110 327
110 447
110 484
110 609
110 843
111 230
111 246
111 280
111 634
111 841
112 147
112 681
112 879
113 256
113 615
113 689
113 764
113 972
113 987
114 468
114 847
115 329
115 601
115 662
115 951
116 250
116 395
116 529
116 876
116 983
117 325
117 389
117 450
117 703
117 772
117 930
118 255
118 608
118 824
119 252
119 253
119 564
119 916
120 129
120 197
120 508
120 550
120 553
120 571
120 715
120 722
120 724
120 984
121 182
121 521
121 597
121 911
122 411
122 573
122 588
123 291
123 426
123 533
123 554
123 862
123 952
123 975
123 987
124 255
124 307
124 381
124 546
124 764
124 913
125 185
125 266
125 715
125 945
125 950
126 491
126 643
126 927
127 374
127 547
127 775
127 840
128 509
128 633
128 872
128 931
129 432
129 466
129 622
130 405
130 485
130 581
130 720
130 956
131 296
131 372
131 467
131 836
132 264
132 607
132 907
133 218
133 315
133 426
133 839
134 500
134 611
134 729
134 849
135 271
135 637
135 892
135 946
136 429
136 750
136 828
137 384
137 645
138 362
138 408
138 455
138 557
138 826
139 168
139 183
139 355
139 413
139 815
139 841
140 197
140 559
141 155
141 604
141 610
141 955
142 364
142 695
142 858
142 977
142 988
143 402
144 298
144 465
144 505
144 946
144 969
145 419
146 487
146 593
146 787
147 465
147 987
148 316
148 590
148 698
148 974
149 239
149 707
149 760
150 184
150 194
150 236
150 723
150 725
150 832
151 267
151 292
151 307
151 433
151 515
151 661
151 709
151 789
151 835
151 838
151 968
152 222
152 462
152 675
152 687
152 742
152 777
152 831
153 349
153 391
153 413
153 511
153 564
153 663
153 723
153 773
153 878
153 943
153 983
154 256
154 365
154 643
154 786
154 836
155 210
155 713
156 500
156 617
156 768
156 790
157 310
157 423
157 480
157 483
157 718
158 541
158 658
158 672
158 707
158 762
158 911
159 249
159 598
159 617
160 272
160 566
160 643
161 210
161 391
161 494
161 819
162 196
162 579
163 229
163 472
164 213
164 482
164 562
164 607
164 895
164 953
165 200
165 236
165 814
165 889
166 509
166 645
166 866
167 211
167 236
167 253
167 669
167 692
167 974
168 654
168 877
169 514
169 528
169 552
169 573
170 462
170 884
171 174
171 315
171 405
171 618
171 894
171 973
172 261
172 266
172 315
172 317
172 426
172 476
172 546
172 678
172 709
172 791
173 640
173 733
174 427
174 673
174 689
174 909
175 462
175 599
175 692
175 753
175 759
175 767
175 945
176 181
176 613
176 654
176 831
176 922
177 309
177 323
177 375
177 778
177 856
177 910
178 301
178 483
178 696
178 944
179 327
179 570
179 593
180 278
180 450
180 560
180 825
181 380
181 890
181 995
181 998
182 320
183 595
183 673
183 941
184 434
184 525
184 553
184 727
184 733
184 867
185 601
185 687
185 985
186 385
186 389
186 574
186 722
186 899
187 289
187 592
187 720
187 877
188 390
188 518
189 881
189 905
189 931
190 572
190 808
190 935
191 575
191 843
192 226
192 384
192 548
192 582
192 597
192 769
192 848
193 244
193 553
193 705
193 729
193 767
193 851
194 730
194 848
194 941
195 687
195 862
195 945
196 204
196 310
196 419
196 654
196 846
197 281
197 304
197 340
197 855
198 353
198 848
199 300
199 664
199 666
199 726
199 959
199 983
200 726
200 728
200 744
201 706
201 792
201 843
201 914
202 221
202 401
202 500
202 665
202 939
203 232
203 262
203 304
203 739
204 206
204 381
204 402
204 572
204 941
205 682
205 798
205 803
205 870
205 954
205 983
206 248
206 608
206 822
207 381
207 414
207 495
207 789
208 238
208 384
208 418
208 813
209 320
209 360
209 373
209 441
209 596
209 760
209 797
210 272
210 835
210 846
211 320
211 971
212 407
213 402
213 809
213 906
213 910
214 515
214 555
214 597
214 649
214 801
214 810
214 875
215 242
215 453
215 692
216 242
216 345
216 729
217 293
218 353
218 480
218 639
218 652
218 884
219 355
219 911
220 467
220 479
220 974
221 284
221 364
221 547
222 323
222 427
222 539
222 577
222 782
222 914
222 987
223 427
223 527
223 865
223 946
224 261
224 314
224 317
224 501
224 575
224 658
224 746
224 956
225 530
225 622
225 654
226 301
226 425
226 911
227 279
227 544
228 270
228 434
228 485
228 502
228 713
229 287
229 666
229 698
229 798
229 938
230 327
231 431
231 667
231 733
231 889
232 243
233 647
233 748
234 254
234 255
234 307
234 539
234 717
234 784
235 286
235 524
235 609
235 699
235 775
235 857
236 582
236 722
236 840
236 849
236 978
237 521
237 694
237 937
238 307
238 550
238 628
238 983
239 413
239 519
239 543
239 568
240 715
240 758
240 823
241 304
241 549
241 595
241 813
241 918
241 952
242 259
242 325
242 486
242 639
242 844
243 447
243 780
243 893
244 247
244 266
244 771
244 989
245 299
245 550
246 320
246 641
247 316
247 478
247 499
247 711
247 733
247 815
248 258
248 332
248 720
248 731
248 776
248 792
248 795
248 887
248 937
248 974
248 999
249 434
249 575
249 836
250 336
250 343
250 588
250 761
251 679
251 944
252 348
252 496
252 499
252 710
252 776
252 818
253 281
253 388
253 614
253 693
253 921
255 300
255 540
255 676
255 827
256 417
256 464
256 621
257 391
257 497
257 929
258 399
258 642
258 768
258 836
259 435
259 541
259 792
260 403
260 458
260 513
260 617
260 648
260 710
260 827
261 350
261 409
261 666
261 825
262 713
262 764
264 333
264 407
264 733
264 936
265 278
265 337
265 989
266 290
266 328
266 810
266 849
266 881
266 961
267 626
267 959
268 507
268 533
268 670
269 455
269 479
270 282
270 566
270 719
270 837
271 454
271 637
272 526
273 855
273 882
274 335
274 571
274 597
275 394
275 696
275 737
276 362
276 603
276 669
278 615
278 829
278 925
278 968
279 333
279 399
279 533
279 557
279 879
279 884
280 362
280 372
280 666
280 773
280 939
281 352
281 595
281 660
282 625
282 788
283 416
283 717
284 569
284 583
284 777
285 413
285 736
285 894
286 309
286 392
286 693
286 698
286 972
287 430
287 691
287 829
288 519
288 821
288 902
288 957
289 582
289 816
290 387
290 442
290 594
290 868
290 982
291 385
291 440
291 498
291 549
291 766
292 500
292 554
292 891
292 951
292 976
293 418
293 443
293 496
293 835
293 956
294 313
294 498
294 539
294 615
294 845
295 556
295 573
295 666
295 735
295 788
295 889
296 708
296 858
297 323
297 386
297 417
297 508
297 625
297 680
297 866
297 880
298 376
298 463
298 704
298 815
298 949
299 396
299 513
299 550
299 560
299 755
299 762
299 865
300 332
300 415
300 660
300 714
300 973
300 991
301 629
302 621
302 933
302 984
303 312
303 330
303 408
303 878
303 975
304 397
304 612
304 733
305 563
305 630
305 667
305 692
305 919
305 987
306 711
306 942
307 963
308 432
308 496
308 527
308 555
308 593
308 659
308 748
308 763
308 834
308 938
308 995
309 328
309 392
309 526
309 667
310 450
310 721
310 878
311 365
311 383
311 686
311 762
311 893
311 944
311 979
312 452
312 476
312 517
312 676
313 336
313 660
313 763
313 784
313 903
313 923
314 533
314 729
314 751
314 901
314 934
315 852
315 912
315 986
316 519
316 628
316 980
317 555
317 888
317 948
318 416
318 653
318 915
318 929
319 328
319 525
319 533
319 601
319 826
320 335
320 382
320 758
322 325
322 493
322 695
322 749
323 779
324 364
324 468
324 805
324 934
325 534
325 643
325 675
325 848
326 384
326 775
327 663
327 722
327 831
327 848
327 892
327 957
328 345
328 415
328 602
328 790
328 920
328 984
329 466
329 540
330 589
330 965
331 472
331 488
331 720
331 844
332 416
332 467
332 488
333 560
334 487
334 496
334 618
334 634
334 907
335 345
335 474
335 550
336 518
336 529
336 613
337 520
337 540
337 676
337 781
337 980
338 462
338 695
338 742
338 979
339 657
339 824
339 846
339 861
340 407
340 472
340 528
340 775
342 416
342 595
342 715
343 421
343 433
343 744
343 882
344 759
344 890
344 906
344 931
345 384
345 601
345 619
346 402
346 492
346 501
346 594
346 732
346 906
347 351
347 552
347 670
347 738
347 993
348 358
348 883
349 454
349 599
349 802
349 941
350 366
350 725
350 796
350 948
351 670
351 678
351 825
352 675
352 983
353 378
353 804
354 430
354 734
355 559
355 564
355 613
356 564
356 648
356 663
356 840
357 713
357 747
358 555
358 656
358 674
358 692
359 693
359 925
359 991
359 997
360 537
360 672
361 560
361 681
361 861
363 459
363 575
363 745
363 926
364 535
365 546
365 582
365 680
365 898
366 545
366 890
366 972
367 393
368 595
370 798
370 875
370 884
371 638
371 802
371 858
371 860
372 499
372 640
372 866
372 879
373 557
373 617
374 664
375 451
375 485
375 641
375 818
375 826
375 929
376 462
376 688
376 718
376 789
377 479
377 536
377 869
378 739
378 998
379 658
379 693
379 796
380 435
380 590
380 808
380 903
381 516
381 981
382 420
382 464
383 498
383 585
383 587
383 702
384 529
384 568
384 818
385 904
386 506
386 618
386 630
386 671
386 823
386 893
387 589
387 595
387 634
387 815
387 993
388 963
389 674
389 804
390 414
390 969
391 653
391 788
391 847
392 513
392 562
392 575
392 606
392 846
392 931
393 433
393 469
393 617
393 645
393 765
393 836
394 474
394 664
395 476
396 883
397 411
397 443
397 543
397 642
398 774
398 812
398 931
399 542
399 642
399 770
400 494
400 814
400 841
400 850
401 473
401 555
401 624
401 778
401 794
401 797
401 887
401 925
402 480
402 489
402 508
402 734
402 916
403 716
403 878
404 423
404 486
404 543
404 562
404 629
405 896
405 937
406 426
406 506
406 857
407 412
407 537
407 553
408 724
408 897
409 635
410 515
410 542
410 629
411 477
411 814
412 522
412 582
413 588
413 941
413 987
414 620
414 651
414 884
414 975
415 465
415 605
415 873
415 880
416 636
416 776
417 543
417 694
417 762
418 429
418 947
419 821
419 967
421 490
421 840
422 657
422 697
423 470
423 804
423 939
424 453
424 603
424 862
424 918
425 724
425 923
426 428
426 633
426 722
426 799
427 458
428 690
428 749
428 913
429 449
429 759
429 955
430 498
431 798
431 828
431 892
432 521
432 592
432 918
432 926
432 970
433 564
433 609
433 757
433 925
433 945
433 961
434 642
434 654
434 929
435 742
437 562
437 653
437 810
437 872
438 643
438 880
439 717
440 853
440 983
441 451
441 661
442 610
442 730
443 520
443 698
443 717
445 577
445 734
446 536
446 710
446 989
447 623
448 560
448 562
448 861
449 544
450 515
450 588
450 609
450 665
450 813
450 911
451 767
451 845
452 805
452 845
453 550
453 552
454 592
454 729
454 749
454 789
454 863
455 565
455 571
455 690
455 775
455 917
456 886
457 566
457 841
459 677
461 895
461 990
462 854
464 603
464 776
464 953
465 629
465 769
465 802
465 811
465 818
465 993
466 538
466 662
466 696
467 612
467 696
467 777
468 903
469 538
469 713
469 762
469 809
469 811
469 843
471 704
472 474
473 667
473 670
473 777
474 483
474 764
474 902
475 640
475 712
475 898
476 506
476 675
476 699
476 707
476 725
477 721
477 853
479 831
479 971
480 674
480 818
481 546
481 977
482 775
483 583
483 811
483 935
483 950
484 666
485 505
485 516
485 864
485 913
486 718
486 795
487 616
487 641
487 918
487 992
488 802
488 811
488 894
489 569
491 533
491 901
491 918
491 930
491 934
491 994
492 615
492 772
493 977
494 555
494 960
494 998
495 646
495 880
496 582
496 620
498 713
499 598
499 691
499 760
499 917
499 948
500 714
500 730
501 701
501 884
501 917
501 918
502 587
502 744
502 861
503 711
504 512
504 576
504 646
504 877
505 721
505 813
505 950
507 513
507 835
507 898
508 731
508 756
508 935
509 576
509 775
509 785
510 584
510 587
510 730
511 632
511 972
512 687
512 910
513 539
513 593
513 729
514 881
514 973
515 769
515 925
515 963
516 564
516 637
516 685
517 852
518 541
518 615
518 621
518 627
518 995
519 814
521 664
521 688
521 767
521 941
522 542
522 711
522 729
522 742
523 542
523 698
523 717
524 552
524 724
524 752
524 854
524 885
524 926
525 630
526 658
526 862
526 994
527 604
527 679
527 940
528 529
528 599
528 685
528 991
528 997
529 900
530 871
530 964
531 631
531 648
531 914
532 604
532 752
533 610
533 756
533 798
533 818
534 828
534 839
535 703
536 684
536 709
536 740
536 800
536 819
536 982
537 947
538 568
538 981
539 647
539 741
539 811
539 905
539 951
539 958
539 998
540 918
541 636
541 792
542 656
542 735
544 808
544 855
545 730
545 794
545 839
545 874
545 914
545 972
546 666
546 839
547 551
547 602
548 600
548 687
550 648
550 779
550 859
551 688
551 811
551 865
552 761
552 864
552 925
552 992
553 626
553 637
553 664
553 915
553 997
554 581
554 764
554 798
554 899
554 918
554 954
555 743
555 781
557 745
557 792
557 955
558 777
559 729
559 876
560 813
560 877
562 591
562 788
562 865
564 576
564 626
564 682
564 843
564 940
564 967
565 596
565 624
565 659
565 797
566 851
566 913
567 734
567 915
568 657
568 795
569 634
569 922
571 782
572 729
573 664
573 804
576 911
577 922
578 780
578 834
578 989
579 717
579 773
579 992
579 999
580 604
580 637
580 708
580 744
580 949
581 743
581 761
581 801
584 595
584 802
584 907
585 718
586 832
587 883
588 726
588 896
588 911
591 621
591 772
592 707
592 898
593 850
593 979
594 684
594 743
594 830
595 781
596 836
597 668
597 786
597 824
598 660
598 883
598 953
599 671
599 852
600 767
600 840
601 763
602 726
602 904
603 678
603 732
604 756
605 618
605 631
605 637
605 647
605 965
607 899
608 614
608 631
609 730
609 950
610 665
610 717
611 841
611 873
611 886
611 994
612 686
612 925
613 663
613 694
613 890
614 777
614 833
614 929
614 937
616 960
617 856
618 690
618 827
619 704
619 970
620 658
620 689
620 695
620 748
620 969
622 681
622 693
622 715
622 757
622 924
623 856
624 659
624 735
624 995
625 674
625 702
625 910
626 668
626 680
626 978
628 644
628 651
628 784
629 652
629 659
629 938
630 947
631 836
632 798
632 917
632 925
633 658
633 794
634 854
634 928
635 825
635 935
636 889
637 881
637 887
637 904
638 647
638 676
639 658
639 714
639 746
639 975
640 737
640 951
641 732
641 897
642 772
642 787
642 952
643 711
643 826
643 846
645 872
645 999
646 760
646 897
647 905
648 844
649 750
650 661
650 694
650 701
650 774
650 915
651 857
651 947
652 775
652 857
652 899
652 906
652 919
653 967
654 707
654 797
656 840
656 915
657 891
657 998
658 707
659 683
659 700
659 751
659 906
659 913
660 663
660 675
661 696
661 843
661 915
662 727
663 700
663 792
664 815
667 707
667 791
667 864
667 899
667 939
668 884
669 861
669 969
669 975
669 998
670 922
671 792
672 852
675 738
675 828
675 846
675 973
677 717
677 822
677 959
678 772
678 908
678 994
680 791
681 704
682 693
684 787
684 936
685 901
686 778
686 810
686 973
688 753
688 832
689 767
690 868
693 728
693 846
693 915
693 966
694 855
694 896
694 906
694 962
695 717
695 797
695 842
695 998
696 801
697 814
699 776
700 749
700 753
700 912
700 919
701 724
701 998
703 760
703 801
703 953
704 798
705 714
705 788
706 864
707 987
708 762
708 868
712 910
715 944
717 814
718 723
718 769
718 937
719 814
719 965
720 772
720 783
720 820
720 903
721 776
721 894
721 952
722 797
722 964
723 791
723 985
725 788
725 953
726 858
726 905
727 733
728 945
728 953
729 755
729 894
730 937
731 777
732 736
732 988
733 935
734 863
734 879
735 830
736 866
737 821
737 925
738 838
739 888
739 919
740 845
743 786
743 805
744 774
745 750
746 758
746 762
746 953
747 843
749 839
749 980
750 822
750 989
751 758
751 844
751 857
751 977
753 873
754 855
756 802
756 844
756 848
757 992
759 824
759 856
759 989
762 903
763 780
763 991
766 860
767 773
767 835
767 967
768 882
770 794
770 812
770 992
771 775
771 782
772 961
773 787
773 835
774 780
774 802
774 815
774 884
776 896
777 813
777 852
778 893
778 949
781 996
784 850
786 857
786 990
787 882
787 970
788 854
790 980
791 799
791 820
791 857
793 828
793 960
794 835
794 904
795 819
795 821
795 829
795 916
796 924
797 919
797 947
799 889
802 809
802 962
803 876
803 934
804 817
804 932
806 824
807 925
808 886
809 893
811 870
811 875
812 837
812 918
816 830
816 868
818 922
819 897
819 969
821 862
821 965
822 982
824 876
827 843
828 872
828 912
830 907
831 987
831 997
834 972
834 997
835 954
837 933
840 899
840 970
843 986
845 953
846 900
848 990
848 993
851 926
853 938
855 901
855 947
856 904
856 998
857 966
858 862
859 904
860 871
860 921
862 936
863 893
863 907
863 988
866 910
866 948
867 910
869 888
870 895
871 885
871 887
874 957
875 971
876 949
877 881
880 889
880 934
881 986
882 899
882 907
882 957
882 996
886 952
887 965
890 956
890 973
891 938
894 936
900 989
901 928
901 985
906 950
911 926
915 980
916 918
919 995
921 983
929 935
929 952
931 935
942 976
947 980
950 978
954 995
955 990
969 970
993 997
993 999
